1 0.64132 0.62253 0.55162 0.52767 0.47378 0.42652 0.37957 0.39003 0.32062 0.42998 0.41941 0.47552 0.51282 0.52392 0.53761 0.52621 0.55007 0.55522 0.58859 0.49838 0.49437 0.50121 0.49899 0.50422 0.52985 0.56606 0.58552 0.62091 0.69299 0.48587 0.53263 0.53968 0.51379 0.46589 0.47516 0.51595 0.54568 0.53256 0.49199
0.64132 1 0.7415 0.77101 0.70807 0.67043 0.6267 0.59427 0.5849 0.51459 0.52331 0.54699 0.65121 0.71824 0.73714 0.75852 0.74217 0.76751 0.76985 0.81092 0.74221 0.73338 0.7314 0.71276 0.70765 0.71674 0.7437 0.75817 0.79203 0.84515 0.66833 0.73029 0.7479 0.71648 0.66001 0.67518 0.72051 0.75179 0.73051 0.68032
0.62253 0.7415 1 0.72101 0.78988 0.69344 0.68076 0.64057 0.63868 0.58357 0.52758 0.57061 0.68946 0.76631 0.78538 0.80598 0.78877 0.81602 0.81622 0.85633 0.80984 0.79741 0.78909 0.76513 0.75028 0.7549 0.77093 0.78586 0.81153 0.83198 0.70555 0.76972 0.79137 0.76264 0.70751 0.72396 0.76607 0.79485 0.76897 0.7184
0.55162 0.77101 0.72101 1 0.63744 0.76838 0.64637 0.67476 0.64045 0.58187 0.50686 0.55831 0.68327 0.75451 0.7772 0.80022 0.78447 0.81347 0.80759 0.85016 0.81414 0.80262 0.79621 0.77257 0.7487 0.74716 0.75589 0.75751 0.78027 0.78344 0.69756 0.76239 0.78239 0.7574 0.70388 0.7226 0.76015 0.78736 0.7581 0.71309
0.52767 0.70807 0.78988 0.63744 1 0.52083 0.74245 0.59339 0.62976 0.56928 0.4846 0.54114 0.66385 0.73756 0.75595 0.77352 0.75791 0.78261 0.78052 0.81655 0.80019 0.7845 0.77158 0.74235 0.71396 0.71264 0.72181 0.72713 0.74583 0.75258 0.67086 0.73137 0.75953 0.73445 0.68577 0.70101 0.73961 0.75711 0.73165 0.68384
0.47378 0.67043 0.69344 0.76838 0.52083 1 0.41045 0.70616 0.55447 0.5457 0.45341 0.5092 0.62951 0.69815 0.71601 0.73253 0.71855 0.7406 0.73952 0.77067 0.76313 0.74855 0.73463 0.70612 0.67512 0.66995 0.678 0.67844 0.69936 0.6993 0.63334 0.6931 0.71742 0.69608 0.65066 0.66543 0.69889 0.71688 0.69073 0.64703
0.42652 0.6267 0.68076 0.64637 0.74245 0.41045 1 0.32931 0.67971 0.4981 0.42771 0.48576 0.60231 0.67221 0.68897 0.70462 0.68969 0.70971 0.70886 0.73603 0.74094 0.72365 0.7066 0.67317 0.64226 0.63713 0.64342 0.64622 0.6636 0.66407 0.6057 0.66056 0.68935 0.66796 0.62722 0.64065 0.67219 0.68448 0.66124 0.61681
0.37957 0.59427 0.64057 0.67476 0.59339 0.70616 0.32931 1 0.30632 0.60895 0.40947 0.46738 0.58375 0.64523 0.6629 0.68115 0.66593 0.68612 0.68115 0.70921 0.71633 0.70134 0.68687 0.65805 0.62813 0.61874 0.61731 0.61412 0.62829 0.61979 0.58693 0.64038 0.6598 0.64285 0.60341 0.62082 0.64244 0.66564 0.63744 0.6004
0.39003 0.5849 0.63868 0.64045 0.62976 0.55447 0.67971 0.30632 1 0.28202 0.39847 0.45435 0.56915 0.63615 0.6548 0.67191 0.65512 0.67735 0.66928 0.69982 0.70648 0.6893 0.6723 0.64073 0.61528 0.60472 0.6095 0.61253 0.62412 0.61803 0.57617 0.62893 0.65013 0.63637 0.5942 0.61067 0.63503 0.65319 0.62743 0.58633
0.32062 0.51459 0.58357 0.58187 0.56928 0.5457 0.4981 0.60895 0.28202 1 0.35384 0.4185 0.52484 0.59842 0.61069 0.62544 0.60527 0.62389 0.61714 0.64067 0.66946 0.64517 0.62305 0.58391 0.56796 0.55486 0.55213 0.56199 0.56384 0.55487 0.52735 0.57875 0.60006 0.58943 0.55571 0.56671 0.58576 0.60364 0.58208 0.53869
0.42998 0.52331 0.52758 0.50686 0.4846 0.45341 0.42771 0.40947 0.39847 0.35384 1 0.34322 0.46001 0.49342 0.49855 0.50804 0.49437 0.51198 0.51584 0.54018 0.51403 0.50494 0.50121 0.48563 0.47569 0.47896 0.49022 0.49849 0.52115 0.54039 0.44502 0.48815 0.50341 0.48549 0.44869 0.46032 0.48523 0.5061 0.4889 0.45367
0.41941 0.54699 0.57061 0.55831 0.54114 0.5092 0.48576 0.46738 0.45435 0.4185 0.34322 1 0.49048 0.55356 0.56043 0.56968 0.5546 0.57303 0.57499 0.59904 0.5897 0.57739 0.56879 0.5449 0.52855 0.52727 0.53716 0.54374 0.56178 0.57393 0.49604 0.5421 0.56192 0.54577 0.50453 0.51699 0.54405 0.56356 0.54601 0.50455
0.47552 0.65121 0.68946 0.68327 0.66385 0.62951 0.60231 0.58375 0.56915 0.52484 0.46001 0.49048 1 0.66348 0.69376 0.70341 0.68679 0.70682 0.70781 0.73633 0.73647 0.71866 0.70436 0.67514 0.64846 0.64597 0.65484 0.65783 0.68016 0.68635 0.61076 0.66473 0.69258 0.67171 0.62378 0.64158 0.6701 0.6918 0.66914 0.62177
0.51282 0.71824 0.76631 0.75451 0.73756 0.69815 0.67221 0.64523 0.63615 0.59842 0.49342 0.55356 0.66348 1 0.74707 0.78894 0.76716 0.79079 0.78914 0.82228 0.82261 0.80286 0.78468 0.74851 0.72139 0.71678 0.72547 0.7331 0.75182 0.75711 0.67752 0.74152 0.77002 0.74744 0.69892 0.71341 0.74777 0.7693 0.74379 0.69099
0.52392 0.73714 0.78538 0.7772 0.75595 0.71601 0.68897 0.6629 0.6548 0.61069 0.49855 0.56043 0.69376 0.74707 1 0.77628 0.79522 0.81384 0.81137 0.84628 0.84242 0.82314 0.80422 0.7696 0.74148 0.73605 0.74629 0.7512 0.77239 0.77557 0.69528 0.76169 0.78927 0.76688 0.71598 0.73316 0.76754 0.78976 0.7614 0.71157
0.53761 0.75852 0.80598 0.80022 0.77352 0.73253 0.70462 0.68115 0.67191 0.62544 0.50804 0.56968 0.70341 0.78894 0.77628 1 0.76321 0.84811 0.82873 0.87052 0.86011 0.84115 0.82461 0.79008 0.76234 0.75676 0.76551 0.77126 0.79072 0.79563 0.71568 0.78094 0.80825 0.78345 0.73461 0.75004 0.78599 0.80907 0.78204 0.72967
0.52621 0.74217 0.78877 0.78447 0.75791 0.71855 0.68969 0.66593 0.65512 0.60527 0.49437 0.5546 0.68679 0.76716 0.79522 0.76321 1 0.75924 0.83445 0.84705 0.83953 0.82173 0.80622 0.77399 0.74618 0.74128 0.74974 0.75442 0.77417 0.77823 0.70131 0.76342 0.79088 0.76659 0.71666 0.73316 0.76961 0.7914 0.76303 0.71425
0.55007 0.76751 0.81602 0.81347 0.78261 0.7406 0.70971 0.68612 0.67735 0.62389 0.51198 0.57303 0.70682 0.79079 0.81384 0.84811 0.75924 1 0.77125 0.89938 0.86407 0.84664 0.83161 0.79915 0.77214 0.76665 0.77649 0.78058 0.80132 0.80481 0.72332 0.78934 0.81593 0.79069 0.7401 0.75625 0.7949 0.81755 0.78739 0.73822
0.55522 0.76985 0.81622 0.80759 0.78052 0.73952 0.70886 0.68115 0.66928 0.61714 0.51584 0.57499 0.70781 0.78914 0.81137 0.82873 0.83445 0.77125 1 0.82451 0.85926 0.8423 0.82764 0.79579 0.76628 0.76389 0.77394 0.77935 0.80066 0.80722 0.72071 0.7865 0.81298 0.78851 0.73596 0.75386 0.79099 0.81379 0.78527 0.73445
0.58859 0.81092 0.85633 0.85016 0.81655 0.77067 0.73603 0.70921 0.69982 0.64067 0.54018 0.59904 0.73633 0.82228 0.84628 0.87052 0.84705 0.89938 0.82451 1 0.8922 0.87579 0.86293 0.83079 0.80434 0.80124 0.8126 0.8181 0.84055 0.8481 0.75335 0.82336 0.84906 0.82201 0.76821 0.78576 0.82655 0.85085 0.82084 0.76875
0.49838 0.74221 0.80984 0.81414 0.80019 0.76313 0.74094 0.71633 0.70648 0.66946 0.51403 0.5897 0.73647 0.82261 0.84242 0.86011 0.83953 0.86407 0.85926 0.8922 1 0.87159 0.86792 0.81818 0.78221 0.77029 0.77497 0.77799 0.79429 0.78792 0.73542 0.80297 0.83658 0.81625 0.76679 0.78421 0.817 0.83383 0.80471 0.749
0.49437 0.73338 0.79741 0.80262 0.7845 0.74855 0.72365 0.70134 0.6893 0.64517 0.50494 0.57739 0.71866 0.80286 0.82314 0.84115 0.82173 0.84664 0.8423 0.87579 0.87159 1 0.80523 0.81499 0.76587 0.75897 0.7626 0.76533 0.78192 0.77683 0.72012 0.78833 0.81913 0.79741 0.7489 0.76659 0.79913 0.81831 0.78787 0.73571
0.50121 0.7314 0.78909 0.79621 0.77158 0.73463 0.7066 0.68687 0.6723 0.62305 0.50121 0.56879 0.70436 0.78468 0.80422 0.82461 0.80622 0.83161 0.82764 0.86293 0.86792 0.80523 1 0.72658 0.77638 0.74389 0.75528 0.75696 0.77404 0.77056 0.71005 0.77493 0.80315 0.78146 0.73257 0.74874 0.78351 0.80385 0.77352 0.72408
0.49899 0.71276 0.76513 0.77257 0.74235 0.70612 0.67317 0.65805 0.64073 0.58391 0.48563 0.5449 0.67514 0.74851 0.7696 0.79008 0.77399 0.79915 0.79579 0.83079 0.81818 0.81499 0.72658 1 0.63793 0.751 0.7249 0.7317 0.75147 0.74815 0.68275 0.74552 0.7722 0.7478 0.69878 0.71716 0.75057 0.77301 0.74367 0.69749
0.50422 0.70765 0.75028 0.7487 0.71396 0.67512 0.64226 0.62813 0.61528 0.56796 0.47569 0.52855 0.64846 0.72139 0.74148 0.76234 0.74618 0.77214 0.76628 0.80434 0.78221 0.76587 0.77638 0.63793 1 0.59572 0.74005 0.71216 0.73455 0.73999 0.6625 0.72122 0.74352 0.72146 0.67328 0.68868 0.72281 0.74815 0.72086 0.67356
0.52985 0.71674 0.7549 0.74716 0.71264 0.66995 0.63713 0.61874 0.60472 0.55486 0.47896 0.52727 0.64597 0.71678 0.73605 0.75676 0.74128 0.76665 0.76389 0.80124 0.77029 0.75897 0.74389 0.751 0.59572 1 0.61221 0.74297 0.73626 0.74919 0.65858 0.71922 0.74009 0.71656 0.66604 0.68231 0.71949 0.74349 0.71642 0.67239
0.56606 0.7437 0.77093 0.75589 0.72181 0.678 0.64342 0.61731 0.6095 0.55213 0.49022 0.53716 0.65484 0.72547 0.74629 0.76551 0.74974 0.77649 0.77394 0.8126 0.77497 0.7626 0.75528 0.7249 0.74005 0.61221 1 0.65218 0.77537 0.77274 0.66827 0.72939 0.75071 0.72416 0.67322 0.68894 0.7276 0.75314 0.72807 0.68081
0.58552 0.75817 0.78586 0.75751 0.72713 0.67844 0.64622 0.61412 0.61253 0.56199 0.49849 0.54374 0.65783 0.7331 0.7512 0.77126 0.75442 0.78058 0.77935 0.8181 0.77799 0.76533 0.75696 0.7317 0.71216 0.74297 0.65218 1 0.70917 0.79905 0.67258 0.7347 0.75604 0.73068 0.67883 0.69266 0.73367 0.75863 0.73551 0.68545
0.62091 0.79203 0.81153 0.78027 0.74583 0.69936 0.6636 0.62829 0.62412 0.56384 0.52115 0.56178 0.68016 0.75182 0.77239 0.79072 0.77417 0.80132 0.80066 0.84055 0.79429 0.78192 0.77404 0.75147 0.73455 0.73626 0.77537 0.70917 1 0.79162 0.6912 0.75557 0.77739 0.7491 0.69423 0.71025 0.75239 0.78 0.75569 0.70646
0.69299 0.84515 0.83198 0.78344 0.75258 0.6993 0.66407 0.61979 0.61803 0.55487 0.54039 0.57393 0.68635 0.75711 0.77557 0.79563 0.77823 0.80481 0.80722 0.8481 0.78792 0.77683 0.77056 0.74815 0.73999 0.74919 0.77274 0.79905 0.79162 1 0.69942 0.76389 0.78447 0.7539 0.69543 0.71152 0.75696 0.78751 0.76528 0.71245
0.48587 0.66833 0.70555 0.69756 0.67086 0.63334 0.6057 0.58693 0.57617 0.52735 0.44502 0.49604 0.61076 0.67752 0.69528 0.71568 0.70131 0.72332 0.72071 0.75335 0.73542 0.72012 0.71005 0.68275 0.6625 0.65858 0.66827 0.67258 0.6912 0.69942 1 0.55457 0.72205 0.67046 0.63334 0.64523 0.67935 0.69523 0.70553 0.48344
0.53263 0.73029 0.76972 0.76239 0.73137 0.6931 0.66056 0.64038 0.62893 0.57875 0.48815 0.5421 0.66473 0.74152 0.76169 0.78094 0.76342 0.78934 0.7865 0.82336 0.80297 0.78833 0.77493 0.74552 0.72122 0.71922 0.72939 0.7347 0.75557 0.76389 0.55457 1 0.67611 0.76086 0.68283 0.70729 0.74023 0.76533 0.7323 0.72008
0.53968 0.7479 0.79137 0.78239 0.75953 0.71742 0.68935 0.6598 0.65013 0.60006 0.50341 0.56192 0.69258 0.77002 0.78927 0.80825 0.79088 0.81593 0.81298 0.84906 0.83658 0.81913 0.80315 0.7722 0.74352 0.74009 0.75071 0.75604 0.77739 0.78447 0.72205 0.67611 1 0.67602 0.74235 0.72277 0.77083 0.78849 0.76356 0.70708
0.51379 0.71648 0.76264 0.7574 0.73445 0.69608 0.66796 0.64285 0.63637 0.58943 0.48549 0.54577 0.67171 0.74744 0.76688 0.78345 0.76659 0.79069 0.78851 0.82201 0.81625 0.79741 0.78146 0.7478 0.72146 0.71656 0.72416 0.73068 0.7491 0.7539 0.67046 0.76086 0.67602 1 0.56605 0.74752 0.73623 0.76881 0.73938 0.69077
0.46589 0.66001 0.70751 0.70388 0.68577 0.65066 0.62722 0.60341 0.5942 0.55571 0.44869 0.50453 0.62378 0.69892 0.71598 0.73461 0.71666 0.7401 0.73596 0.76821 0.76679 0.7489 0.73257 0.69878 0.67328 0.66604 0.67322 0.67883 0.69423 0.69543 0.63334 0.68283 0.74235 0.56605 1 0.51235 0.7333 0.70546 0.69261 0.64151
0.47516 0.67518 0.72396 0.7226 0.70101 0.66543 0.64065 0.62082 0.61067 0.56671 0.46032 0.51699 0.64158 0.71341 0.73316 0.75004 0.73316 0.75625 0.75386 0.78576 0.78421 0.76659 0.74874 0.71716 0.68868 0.68231 0.68894 0.69266 0.71025 0.71152 0.64523 0.70729 0.72277 0.74752 0.51235 1 0.59003 0.75868 0.69845 0.65917
0.51595 0.72051 0.76607 0.76015 0.73961 0.69889 0.67219 0.64244 0.63503 0.58576 0.48523 0.54405 0.6701 0.74777 0.76754 0.78599 0.76961 0.7949 0.79099 0.82655 0.817 0.79913 0.78351 0.75057 0.72281 0.71949 0.7276 0.73367 0.75239 0.75696 0.67935 0.74023 0.77083 0.73623 0.7333 0.59003 1 0.67903 0.76291 0.68725
0.54568 0.75179 0.79485 0.78736 0.75711 0.71688 0.68448 0.66564 0.65319 0.60364 0.5061 0.56356 0.6918 0.7693 0.78976 0.80907 0.7914 0.81755 0.81379 0.85085 0.83383 0.81831 0.80385 0.77301 0.74815 0.74349 0.75314 0.75863 0.78 0.78751 0.69523 0.76533 0.78849 0.76881 0.70546 0.75868 0.67903 1 0.679 0.73739
0.53256 0.73051 0.76897 0.7581 0.73165 0.69073 0.66124 0.63744 0.62743 0.58208 0.4889 0.54601 0.66914 0.74379 0.7614 0.78204 0.76303 0.78739 0.78527 0.82084 0.80471 0.78787 0.77352 0.74367 0.72086 0.71642 0.72807 0.73551 0.75569 0.76528 0.70553 0.7323 0.76356 0.73938 0.69261 0.69845 0.76291 0.679 1 0.57014
0.49199 0.68032 0.7184 0.71309 0.68384 0.64703 0.61681 0.6004 0.58633 0.53869 0.45367 0.50455 0.62177 0.69099 0.71157 0.72967 0.71425 0.73822 0.73445 0.76875 0.749 0.73571 0.72408 0.69749 0.67356 0.67239 0.68081 0.68545 0.70646 0.71245 0.48344 0.72008 0.70708 0.69077 0.64151 0.65917 0.68725 0.73739 0.57014 1
